#ifndef _DIFF_MATRIX5_H__
#define _DIFF_MATRIX5_H__

const double Mdderiv_matrix5[25][25] = {
{ 
0.0000000000000000000000000e+00, 
0.0000000000000000000000000e+00, 
0.0000000000000000000000000e+00, 
0.0000000000000000000000000e+00, 
0.0000000000000000000000000e+00, 
0.0000000000000000000000000e+00, 
0.0000000000000000000000000e+00, 
0.0000000000000000000000000e+00, 
0.0000000000000000000000000e+00, 
0.0000000000000000000000000e+00, 
0.0000000000000000000000000e+00, 
0.0000000000000000000000000e+00, 
1.0000000000000000000000000e+00, 
0.0000000000000000000000000e+00, 
0.0000000000000000000000000e+00, 
0.0000000000000000000000000e+00, 
0.0000000000000000000000000e+00, 
0.0000000000000000000000000e+00, 
0.0000000000000000000000000e+00, 
0.0000000000000000000000000e+00, 
0.0000000000000000000000000e+00, 
0.0000000000000000000000000e+00, 
0.0000000000000000000000000e+00, 
0.0000000000000000000000000e+00, 
0.0000000000000000000000000e+00 
},
{ 
0.0000000000000000000000000e+00, 
0.0000000000000000000000000e+00, 
0.0000000000000000000000000e+00, 
0.0000000000000000000000000e+00, 
0.0000000000000000000000000e+00, 
0.0000000000000000000000000e+00, 
0.0000000000000000000000000e+00, 
0.0000000000000000000000000e+00, 
0.0000000000000000000000000e+00, 
0.0000000000000000000000000e+00, 
8.3333333333333328707404064e-02, 
-6.6666666666666662965923251e-01, 
0.0000000000000000000000000e+00, 
6.6666666666666662965923251e-01, 
-8.3333333333333328707404064e-02, 
0.0000000000000000000000000e+00, 
0.0000000000000000000000000e+00, 
0.0000000000000000000000000e+00, 
0.0000000000000000000000000e+00, 
0.0000000000000000000000000e+00, 
0.0000000000000000000000000e+00, 
0.0000000000000000000000000e+00, 
0.0000000000000000000000000e+00, 
0.0000000000000000000000000e+00, 
0.0000000000000000000000000e+00 
},
{ 
0.0000000000000000000000000e+00, 
0.0000000000000000000000000e+00, 
0.0000000000000000000000000e+00, 
0.0000000000000000000000000e+00, 
0.0000000000000000000000000e+00, 
0.0000000000000000000000000e+00, 
0.0000000000000000000000000e+00, 
0.0000000000000000000000000e+00, 
0.0000000000000000000000000e+00, 
0.0000000000000000000000000e+00, 
-8.3333333333333328707404064e-02, 
1.3333333333333332593184650e+00, 
-2.5000000000000000000000000e+00, 
1.3333333333333332593184650e+00, 
-8.3333333333333328707404064e-02, 
0.0000000000000000000000000e+00, 
0.0000000000000000000000000e+00, 
0.0000000000000000000000000e+00, 
0.0000000000000000000000000e+00, 
0.0000000000000000000000000e+00, 
0.0000000000000000000000000e+00, 
0.0000000000000000000000000e+00, 
0.0000000000000000000000000e+00, 
0.0000000000000000000000000e+00, 
0.0000000000000000000000000e+00 
},
{ 
0.0000000000000000000000000e+00, 
0.0000000000000000000000000e+00, 
0.0000000000000000000000000e+00, 
0.0000000000000000000000000e+00, 
0.0000000000000000000000000e+00, 
0.0000000000000000000000000e+00, 
0.0000000000000000000000000e+00, 
0.0000000000000000000000000e+00, 
0.0000000000000000000000000e+00, 
0.0000000000000000000000000e+00, 
-5.0000000000000000000000000e-01, 
1.0000000000000000000000000e+00, 
0.0000000000000000000000000e+00, 
-1.0000000000000000000000000e+00, 
5.0000000000000000000000000e-01, 
0.0000000000000000000000000e+00, 
0.0000000000000000000000000e+00, 
0.0000000000000000000000000e+00, 
0.0000000000000000000000000e+00, 
0.0000000000000000000000000e+00, 
0.0000000000000000000000000e+00, 
0.0000000000000000000000000e+00, 
0.0000000000000000000000000e+00, 
0.0000000000000000000000000e+00, 
0.0000000000000000000000000e+00 
},
{ 
0.0000000000000000000000000e+00, 
0.0000000000000000000000000e+00, 
0.0000000000000000000000000e+00, 
0.0000000000000000000000000e+00, 
0.0000000000000000000000000e+00, 
0.0000000000000000000000000e+00, 
0.0000000000000000000000000e+00, 
0.0000000000000000000000000e+00, 
0.0000000000000000000000000e+00, 
0.0000000000000000000000000e+00, 
1.0000000000000000000000000e+00, 
-4.0000000000000000000000000e+00, 
6.0000000000000000000000000e+00, 
-4.0000000000000000000000000e+00, 
1.0000000000000000000000000e+00, 
0.0000000000000000000000000e+00, 
0.0000000000000000000000000e+00, 
0.0000000000000000000000000e+00, 
0.0000000000000000000000000e+00, 
0.0000000000000000000000000e+00, 
0.0000000000000000000000000e+00, 
0.0000000000000000000000000e+00, 
0.0000000000000000000000000e+00, 
0.0000000000000000000000000e+00, 
0.0000000000000000000000000e+00 
},
{ 
0.0000000000000000000000000e+00, 
0.0000000000000000000000000e+00, 
8.3333333333333328707404064e-02, 
0.0000000000000000000000000e+00, 
0.0000000000000000000000000e+00, 
0.0000000000000000000000000e+00, 
0.0000000000000000000000000e+00, 
-6.6666666666666662965923251e-01, 
0.0000000000000000000000000e+00, 
0.0000000000000000000000000e+00, 
0.0000000000000000000000000e+00, 
0.0000000000000000000000000e+00, 
0.0000000000000000000000000e+00, 
0.0000000000000000000000000e+00, 
0.0000000000000000000000000e+00, 
0.0000000000000000000000000e+00, 
0.0000000000000000000000000e+00, 
6.6666666666666662965923251e-01, 
0.0000000000000000000000000e+00, 
0.0000000000000000000000000e+00, 
0.0000000000000000000000000e+00, 
0.0000000000000000000000000e+00, 
-8.3333333333333328707404064e-02, 
0.0000000000000000000000000e+00, 
0.0000000000000000000000000e+00 
},
{ 
6.9444444444444440589503387e-03, 
-5.5555555555555552471602709e-02, 
0.0000000000000000000000000e+00, 
5.5555555555555552471602709e-02, 
-6.9444444444444440589503387e-03, 
-5.5555555555555552471602709e-02, 
4.4444444444444441977282167e-01, 
0.0000000000000000000000000e+00, 
-4.4444444444444441977282167e-01, 
5.5555555555555552471602709e-02, 
0.0000000000000000000000000e+00, 
0.0000000000000000000000000e+00, 
0.0000000000000000000000000e+00, 
0.0000000000000000000000000e+00, 
0.0000000000000000000000000e+00, 
5.5555555555555552471602709e-02, 
-4.4444444444444441977282167e-01, 
0.0000000000000000000000000e+00, 
4.4444444444444441977282167e-01, 
-5.5555555555555552471602709e-02, 
-6.9444444444444440589503387e-03, 
5.5555555555555552471602709e-02, 
0.0000000000000000000000000e+00, 
-5.5555555555555552471602709e-02, 
6.9444444444444440589503387e-03 
},
{ 
-6.9444444444444440589503387e-03, 
1.1111111111111110494320542e-01, 
-2.0833333333333334258519187e-01, 
1.1111111111111110494320542e-01, 
-6.9444444444444440589503387e-03, 
5.5555555555555552471602709e-02, 
-8.8888888888888883954564335e-01, 
1.6666666666666667406815350e+00, 
-8.8888888888888883954564335e-01, 
5.5555555555555552471602709e-02, 
0.0000000000000000000000000e+00, 
0.0000000000000000000000000e+00, 
0.0000000000000000000000000e+00, 
0.0000000000000000000000000e+00, 
0.0000000000000000000000000e+00, 
-5.5555555555555552471602709e-02, 
8.8888888888888883954564335e-01, 
-1.6666666666666667406815350e+00, 
8.8888888888888883954564335e-01, 
-5.5555555555555552471602709e-02, 
6.9444444444444440589503387e-03, 
-1.1111111111111110494320542e-01, 
2.0833333333333334258519187e-01, 
-1.1111111111111110494320542e-01, 
6.9444444444444440589503387e-03 
},
{ 
-4.1666666666666664353702032e-02, 
8.3333333333333328707404064e-02, 
0.0000000000000000000000000e+00, 
-8.3333333333333328707404064e-02, 
4.1666666666666664353702032e-02, 
3.3333333333333331482961626e-01, 
-6.6666666666666662965923251e-01, 
0.0000000000000000000000000e+00, 
6.6666666666666662965923251e-01, 
-3.3333333333333331482961626e-01, 
0.0000000000000000000000000e+00, 
0.0000000000000000000000000e+00, 
0.0000000000000000000000000e+00, 
0.0000000000000000000000000e+00, 
0.0000000000000000000000000e+00, 
-3.3333333333333331482961626e-01, 
6.6666666666666662965923251e-01, 
0.0000000000000000000000000e+00, 
-6.6666666666666662965923251e-01, 
3.3333333333333331482961626e-01, 
4.1666666666666664353702032e-02, 
-8.3333333333333328707404064e-02, 
0.0000000000000000000000000e+00, 
8.3333333333333328707404064e-02, 
-4.1666666666666664353702032e-02 
},
{ 
8.3333333333333328707404064e-02, 
-3.3333333333333331482961626e-01, 
5.0000000000000000000000000e-01, 
-3.3333333333333331482961626e-01, 
8.3333333333333328707404064e-02, 
-6.6666666666666662965923251e-01, 
2.6666666666666665186369300e+00, 
-4.0000000000000000000000000e+00, 
2.6666666666666665186369300e+00, 
-6.6666666666666662965923251e-01, 
0.0000000000000000000000000e+00, 
0.0000000000000000000000000e+00, 
0.0000000000000000000000000e+00, 
0.0000000000000000000000000e+00, 
0.0000000000000000000000000e+00, 
6.6666666666666662965923251e-01, 
-2.6666666666666665186369300e+00, 
4.0000000000000000000000000e+00, 
-2.6666666666666665186369300e+00, 
6.6666666666666662965923251e-01, 
-8.3333333333333328707404064e-02, 
3.3333333333333331482961626e-01, 
-5.0000000000000000000000000e-01, 
3.3333333333333331482961626e-01, 
-8.3333333333333328707404064e-02 
},
{ 
0.0000000000000000000000000e+00, 
0.0000000000000000000000000e+00, 
-8.3333333333333328707404064e-02, 
0.0000000000000000000000000e+00, 
0.0000000000000000000000000e+00, 
0.0000000000000000000000000e+00, 
0.0000000000000000000000000e+00, 
1.3333333333333332593184650e+00, 
0.0000000000000000000000000e+00, 
0.0000000000000000000000000e+00, 
0.0000000000000000000000000e+00, 
0.0000000000000000000000000e+00, 
-2.5000000000000000000000000e+00, 
0.0000000000000000000000000e+00, 
0.0000000000000000000000000e+00, 
0.0000000000000000000000000e+00, 
0.0000000000000000000000000e+00, 
1.3333333333333332593184650e+00, 
0.0000000000000000000000000e+00, 
0.0000000000000000000000000e+00, 
0.0000000000000000000000000e+00, 
0.0000000000000000000000000e+00, 
-8.3333333333333328707404064e-02, 
0.0000000000000000000000000e+00, 
0.0000000000000000000000000e+00 
},
{ 
-6.9444444444444440589503387e-03, 
5.5555555555555552471602709e-02, 
0.0000000000000000000000000e+00, 
-5.5555555555555552471602709e-02, 
6.9444444444444440589503387e-03, 
1.1111111111111110494320542e-01, 
-8.8888888888888883954564335e-01, 
0.0000000000000000000000000e+00, 
8.8888888888888883954564335e-01, 
-1.1111111111111110494320542e-01, 
-2.0833333333333334258519187e-01, 
1.6666666666666667406815350e+00, 
0.0000000000000000000000000e+00, 
-1.6666666666666667406815350e+00, 
2.0833333333333334258519187e-01, 
1.1111111111111110494320542e-01, 
-8.8888888888888883954564335e-01, 
0.0000000000000000000000000e+00, 
8.8888888888888883954564335e-01, 
-1.1111111111111110494320542e-01, 
-6.9444444444444440589503387e-03, 
5.5555555555555552471602709e-02, 
0.0000000000000000000000000e+00, 
-5.5555555555555552471602709e-02, 
6.9444444444444440589503387e-03 
},
{ 
6.9444444444444440589503387e-03, 
-1.1111111111111110494320542e-01, 
2.0833333333333334258519187e-01, 
-1.1111111111111110494320542e-01, 
6.9444444444444440589503387e-03, 
-1.1111111111111110494320542e-01, 
1.7777777777777776790912867e+00, 
-3.3333333333333334813630700e+00, 
1.7777777777777776790912867e+00, 
-1.1111111111111110494320542e-01, 
2.0833333333333334258519187e-01, 
-3.3333333333333334813630700e+00, 
6.2500000000000000000000000e+00, 
-3.3333333333333334813630700e+00, 
2.0833333333333334258519187e-01, 
-1.1111111111111110494320542e-01, 
1.7777777777777776790912867e+00, 
-3.3333333333333334813630700e+00, 
1.7777777777777776790912867e+00, 
-1.1111111111111110494320542e-01, 
6.9444444444444440589503387e-03, 
-1.1111111111111110494320542e-01, 
2.0833333333333334258519187e-01, 
-1.1111111111111110494320542e-01, 
6.9444444444444440589503387e-03 
},
{ 
4.1666666666666664353702032e-02, 
-8.3333333333333328707404064e-02, 
0.0000000000000000000000000e+00, 
8.3333333333333328707404064e-02, 
-4.1666666666666664353702032e-02, 
-6.6666666666666662965923251e-01, 
1.3333333333333332593184650e+00, 
0.0000000000000000000000000e+00, 
-1.3333333333333332593184650e+00, 
6.6666666666666662965923251e-01, 
1.2500000000000000000000000e+00, 
-2.5000000000000000000000000e+00, 
0.0000000000000000000000000e+00, 
2.5000000000000000000000000e+00, 
-1.2500000000000000000000000e+00, 
-6.6666666666666662965923251e-01, 
1.3333333333333332593184650e+00, 
0.0000000000000000000000000e+00, 
-1.3333333333333332593184650e+00, 
6.6666666666666662965923251e-01, 
4.1666666666666664353702032e-02, 
-8.3333333333333328707404064e-02, 
0.0000000000000000000000000e+00, 
8.3333333333333328707404064e-02, 
-4.1666666666666664353702032e-02 
},
{ 
-8.3333333333333328707404064e-02, 
3.3333333333333331482961626e-01, 
-5.0000000000000000000000000e-01, 
3.3333333333333331482961626e-01, 
-8.3333333333333328707404064e-02, 
1.3333333333333332593184650e+00, 
-5.3333333333333330372738601e+00, 
8.0000000000000000000000000e+00, 
-5.3333333333333330372738601e+00, 
1.3333333333333332593184650e+00, 
-2.5000000000000000000000000e+00, 
1.0000000000000000000000000e+01, 
-1.5000000000000000000000000e+01, 
1.0000000000000000000000000e+01, 
-2.5000000000000000000000000e+00, 
1.3333333333333332593184650e+00, 
-5.3333333333333330372738601e+00, 
8.0000000000000000000000000e+00, 
-5.3333333333333330372738601e+00, 
1.3333333333333332593184650e+00, 
-8.3333333333333328707404064e-02, 
3.3333333333333331482961626e-01, 
-5.0000000000000000000000000e-01, 
3.3333333333333331482961626e-01, 
-8.3333333333333328707404064e-02 
},
{ 
0.0000000000000000000000000e+00, 
0.0000000000000000000000000e+00, 
-5.0000000000000000000000000e-01, 
0.0000000000000000000000000e+00, 
0.0000000000000000000000000e+00, 
0.0000000000000000000000000e+00, 
0.0000000000000000000000000e+00, 
1.0000000000000000000000000e+00, 
0.0000000000000000000000000e+00, 
0.0000000000000000000000000e+00, 
0.0000000000000000000000000e+00, 
0.0000000000000000000000000e+00, 
0.0000000000000000000000000e+00, 
0.0000000000000000000000000e+00, 
0.0000000000000000000000000e+00, 
0.0000000000000000000000000e+00, 
0.0000000000000000000000000e+00, 
-1.0000000000000000000000000e+00, 
0.0000000000000000000000000e+00, 
0.0000000000000000000000000e+00, 
0.0000000000000000000000000e+00, 
0.0000000000000000000000000e+00, 
5.0000000000000000000000000e-01, 
0.0000000000000000000000000e+00, 
0.0000000000000000000000000e+00 
},
{ 
-4.1666666666666664353702032e-02, 
3.3333333333333331482961626e-01, 
0.0000000000000000000000000e+00, 
-3.3333333333333331482961626e-01, 
4.1666666666666664353702032e-02, 
8.3333333333333328707404064e-02, 
-6.6666666666666662965923251e-01, 
0.0000000000000000000000000e+00, 
6.6666666666666662965923251e-01, 
-8.3333333333333328707404064e-02, 
0.0000000000000000000000000e+00, 
0.0000000000000000000000000e+00, 
0.0000000000000000000000000e+00, 
0.0000000000000000000000000e+00, 
0.0000000000000000000000000e+00, 
-8.3333333333333328707404064e-02, 
6.6666666666666662965923251e-01, 
0.0000000000000000000000000e+00, 
-6.6666666666666662965923251e-01, 
8.3333333333333328707404064e-02, 
4.1666666666666664353702032e-02, 
-3.3333333333333331482961626e-01, 
0.0000000000000000000000000e+00, 
3.3333333333333331482961626e-01, 
-4.1666666666666664353702032e-02 
},
{ 
4.1666666666666664353702032e-02, 
-6.6666666666666662965923251e-01, 
1.2500000000000000000000000e+00, 
-6.6666666666666662965923251e-01, 
4.1666666666666664353702032e-02, 
-8.3333333333333328707404064e-02, 
1.3333333333333332593184650e+00, 
-2.5000000000000000000000000e+00, 
1.3333333333333332593184650e+00, 
-8.3333333333333328707404064e-02, 
0.0000000000000000000000000e+00, 
0.0000000000000000000000000e+00, 
0.0000000000000000000000000e+00, 
0.0000000000000000000000000e+00, 
0.0000000000000000000000000e+00, 
8.3333333333333328707404064e-02, 
-1.3333333333333332593184650e+00, 
2.5000000000000000000000000e+00, 
-1.3333333333333332593184650e+00, 
8.3333333333333328707404064e-02, 
-4.1666666666666664353702032e-02, 
6.6666666666666662965923251e-01, 
-1.2500000000000000000000000e+00, 
6.6666666666666662965923251e-01, 
-4.1666666666666664353702032e-02 
},
{ 
2.5000000000000000000000000e-01, 
-5.0000000000000000000000000e-01, 
0.0000000000000000000000000e+00, 
5.0000000000000000000000000e-01, 
-2.5000000000000000000000000e-01, 
-5.0000000000000000000000000e-01, 
1.0000000000000000000000000e+00, 
0.0000000000000000000000000e+00, 
-1.0000000000000000000000000e+00, 
5.0000000000000000000000000e-01, 
0.0000000000000000000000000e+00, 
0.0000000000000000000000000e+00, 
0.0000000000000000000000000e+00, 
0.0000000000000000000000000e+00, 
0.0000000000000000000000000e+00, 
5.0000000000000000000000000e-01, 
-1.0000000000000000000000000e+00, 
0.0000000000000000000000000e+00, 
1.0000000000000000000000000e+00, 
-5.0000000000000000000000000e-01, 
-2.5000000000000000000000000e-01, 
5.0000000000000000000000000e-01, 
0.0000000000000000000000000e+00, 
-5.0000000000000000000000000e-01, 
2.5000000000000000000000000e-01 
},
{ 
-5.0000000000000000000000000e-01, 
2.0000000000000000000000000e+00, 
-3.0000000000000000000000000e+00, 
2.0000000000000000000000000e+00, 
-5.0000000000000000000000000e-01, 
1.0000000000000000000000000e+00, 
-4.0000000000000000000000000e+00, 
6.0000000000000000000000000e+00, 
-4.0000000000000000000000000e+00, 
1.0000000000000000000000000e+00, 
0.0000000000000000000000000e+00, 
0.0000000000000000000000000e+00, 
0.0000000000000000000000000e+00, 
0.0000000000000000000000000e+00, 
0.0000000000000000000000000e+00, 
-1.0000000000000000000000000e+00, 
4.0000000000000000000000000e+00, 
-6.0000000000000000000000000e+00, 
4.0000000000000000000000000e+00, 
-1.0000000000000000000000000e+00, 
5.0000000000000000000000000e-01, 
-2.0000000000000000000000000e+00, 
3.0000000000000000000000000e+00, 
-2.0000000000000000000000000e+00, 
5.0000000000000000000000000e-01 
},
{ 
0.0000000000000000000000000e+00, 
0.0000000000000000000000000e+00, 
1.0000000000000000000000000e+00, 
0.0000000000000000000000000e+00, 
0.0000000000000000000000000e+00, 
0.0000000000000000000000000e+00, 
0.0000000000000000000000000e+00, 
-4.0000000000000000000000000e+00, 
0.0000000000000000000000000e+00, 
0.0000000000000000000000000e+00, 
0.0000000000000000000000000e+00, 
0.0000000000000000000000000e+00, 
6.0000000000000000000000000e+00, 
0.0000000000000000000000000e+00, 
0.0000000000000000000000000e+00, 
0.0000000000000000000000000e+00, 
0.0000000000000000000000000e+00, 
-4.0000000000000000000000000e+00, 
0.0000000000000000000000000e+00, 
0.0000000000000000000000000e+00, 
0.0000000000000000000000000e+00, 
0.0000000000000000000000000e+00, 
1.0000000000000000000000000e+00, 
0.0000000000000000000000000e+00, 
0.0000000000000000000000000e+00 
},
{ 
8.3333333333333328707404064e-02, 
-6.6666666666666662965923251e-01, 
0.0000000000000000000000000e+00, 
6.6666666666666662965923251e-01, 
-8.3333333333333328707404064e-02, 
-3.3333333333333331482961626e-01, 
2.6666666666666665186369300e+00, 
0.0000000000000000000000000e+00, 
-2.6666666666666665186369300e+00, 
3.3333333333333331482961626e-01, 
5.0000000000000000000000000e-01, 
-4.0000000000000000000000000e+00, 
0.0000000000000000000000000e+00, 
4.0000000000000000000000000e+00, 
-5.0000000000000000000000000e-01, 
-3.3333333333333331482961626e-01, 
2.6666666666666665186369300e+00, 
0.0000000000000000000000000e+00, 
-2.6666666666666665186369300e+00, 
3.3333333333333331482961626e-01, 
8.3333333333333328707404064e-02, 
-6.6666666666666662965923251e-01, 
0.0000000000000000000000000e+00, 
6.6666666666666662965923251e-01, 
-8.3333333333333328707404064e-02 
},
{ 
-8.3333333333333328707404064e-02, 
1.3333333333333332593184650e+00, 
-2.5000000000000000000000000e+00, 
1.3333333333333332593184650e+00, 
-8.3333333333333328707404064e-02, 
3.3333333333333331482961626e-01, 
-5.3333333333333330372738601e+00, 
1.0000000000000000000000000e+01, 
-5.3333333333333330372738601e+00, 
3.3333333333333331482961626e-01, 
-5.0000000000000000000000000e-01, 
8.0000000000000000000000000e+00, 
-1.5000000000000000000000000e+01, 
8.0000000000000000000000000e+00, 
-5.0000000000000000000000000e-01, 
3.3333333333333331482961626e-01, 
-5.3333333333333330372738601e+00, 
1.0000000000000000000000000e+01, 
-5.3333333333333330372738601e+00, 
3.3333333333333331482961626e-01, 
-8.3333333333333328707404064e-02, 
1.3333333333333332593184650e+00, 
-2.5000000000000000000000000e+00, 
1.3333333333333332593184650e+00, 
-8.3333333333333328707404064e-02 
},
{ 
-5.0000000000000000000000000e-01, 
1.0000000000000000000000000e+00, 
0.0000000000000000000000000e+00, 
-1.0000000000000000000000000e+00, 
5.0000000000000000000000000e-01, 
2.0000000000000000000000000e+00, 
-4.0000000000000000000000000e+00, 
0.0000000000000000000000000e+00, 
4.0000000000000000000000000e+00, 
-2.0000000000000000000000000e+00, 
-3.0000000000000000000000000e+00, 
6.0000000000000000000000000e+00, 
0.0000000000000000000000000e+00, 
-6.0000000000000000000000000e+00, 
3.0000000000000000000000000e+00, 
2.0000000000000000000000000e+00, 
-4.0000000000000000000000000e+00, 
0.0000000000000000000000000e+00, 
4.0000000000000000000000000e+00, 
-2.0000000000000000000000000e+00, 
-5.0000000000000000000000000e-01, 
1.0000000000000000000000000e+00, 
0.0000000000000000000000000e+00, 
-1.0000000000000000000000000e+00, 
5.0000000000000000000000000e-01 
},
{ 
1.0000000000000000000000000e+00, 
-4.0000000000000000000000000e+00, 
6.0000000000000000000000000e+00, 
-4.0000000000000000000000000e+00, 
1.0000000000000000000000000e+00, 
-4.0000000000000000000000000e+00, 
1.6000000000000000000000000e+01, 
-2.4000000000000000000000000e+01, 
1.6000000000000000000000000e+01, 
-4.0000000000000000000000000e+00, 
6.0000000000000000000000000e+00, 
-2.4000000000000000000000000e+01, 
3.6000000000000000000000000e+01, 
-2.4000000000000000000000000e+01, 
6.0000000000000000000000000e+00, 
-4.0000000000000000000000000e+00, 
1.6000000000000000000000000e+01, 
-2.4000000000000000000000000e+01, 
1.6000000000000000000000000e+01, 
-4.0000000000000000000000000e+00, 
1.0000000000000000000000000e+00, 
-4.0000000000000000000000000e+00, 
6.0000000000000000000000000e+00, 
-4.0000000000000000000000000e+00, 
1.0000000000000000000000000e+00 
}
};

#endif
