const double Mdderiv_matrix7[49][49]={
{0.000000000000000000e+00,0.000000000000000000e+00,0.000000000000000000e+00,0.000000000000000000e+00,0.000000000000000000e+00,0.000000000000000000e+00,0.000000000000000000e+00,0.000000000000000000e+00,0.000000000000000000e+00,0.000000000000000000e+00,0.000000000000000000e+00,0.000000000000000000e+00,0.000000000000000000e+00,0.000000000000000000e+00,3.333333333333333287e-02,-4.000000000000000222e-01,-5.833333333333333703e-01,1.333333333333333259e+00,-5.000000000000000000e-01,1.333333333333333315e-01,-1.666666666666666644e-02,0.000000000000000000e+00,0.000000000000000000e+00,0.000000000000000000e+00,0.000000000000000000e+00,0.000000000000000000e+00,0.000000000000000000e+00,0.000000000000000000e+00,0.000000000000000000e+00,0.000000000000000000e+00,0.000000000000000000e+00,0.000000000000000000e+00,0.000000000000000000e+00,0.000000000000000000e+00,0.000000000000000000e+00,0.000000000000000000e+00,0.000000000000000000e+00,0.000000000000000000e+00,0.000000000000000000e+00,0.000000000000000000e+00,0.000000000000000000e+00,0.000000000000000000e+00,0.000000000000000000e+00,0.000000000000000000e+00,0.000000000000000000e+00,0.000000000000000000e+00,0.000000000000000000e+00,0.000000000000000000e+00,0.000000000000000000e+0},
{0.000000000000000000e+00,0.000000000000000000e+00,0.000000000000000000e+00,0.000000000000000000e+00,0.000000000000000000e+00,0.000000000000000000e+00,0.000000000000000000e+00,0.000000000000000000e+00,0.000000000000000000e+00,0.000000000000000000e+00,0.000000000000000000e+00,0.000000000000000000e+00,0.000000000000000000e+00,0.000000000000000000e+00,3.333333333333333287e-02,-4.000000000000000222e-01,-5.833333333333333703e-01,1.333333333333333259e+00,-5.000000000000000000e-01,1.333333333333333315e-01,-1.666666666666666644e-02,0.000000000000000000e+00,0.000000000000000000e+00,0.000000000000000000e+00,0.000000000000000000e+00,0.000000000000000000e+00,0.000000000000000000e+00,0.000000000000000000e+00,0.000000000000000000e+00,0.000000000000000000e+00,0.000000000000000000e+00,0.000000000000000000e+00,0.000000000000000000e+00,0.000000000000000000e+00,0.000000000000000000e+00,0.000000000000000000e+00,0.000000000000000000e+00,0.000000000000000000e+00,0.000000000000000000e+00,0.000000000000000000e+00,0.000000000000000000e+00,0.000000000000000000e+00,0.000000000000000000e+00,0.000000000000000000e+00,0.000000000000000000e+00,0.000000000000000000e+00,0.000000000000000000e+00,0.000000000000000000e+00,0.000000000000000000e+00},
{0.000000000000000000e+00,0.000000000000000000e+00,0.000000000000000000e+00,0.000000000000000000e+00,0.000000000000000000e+00,0.000000000000000000e+00,0.000000000000000000e+00,0.000000000000000000e+00,0.000000000000000000e+00,0.000000000000000000e+00,0.000000000000000000e+00,0.000000000000000000e+00,0.000000000000000000e+00,0.000000000000000000e+00,-7.222222222222221544e-02,1.266666666666666607e+00,-2.333333333333333481e+00,1.111111111111111160e+00,8.333333333333332871e-02,-6.666666666666666574e-02,1.111111111111111154e-02,0.000000000000000000e+00,0.000000000000000000e+00,0.000000000000000000e+00,0.000000000000000000e+00,0.000000000000000000e+00,0.000000000000000000e+00,0.000000000000000000e+00,0.000000000000000000e+00,0.000000000000000000e+00,0.000000000000000000e+00,0.000000000000000000e+00,0.000000000000000000e+00,0.000000000000000000e+00,0.000000000000000000e+00,0.000000000000000000e+00,0.000000000000000000e+00,0.000000000000000000e+00,0.000000000000000000e+00,0.000000000000000000e+00,0.000000000000000000e+00,0.000000000000000000e+00,0.000000000000000000e+00,0.000000000000000000e+00,0.000000000000000000e+00,0.000000000000000000e+00,0.000000000000000000e+00,0.000000000000000000e+00,0.000000000000000000e+00},
{0.000000000000000000e+00,0.000000000000000000e+00,0.000000000000000000e+00,0.000000000000000000e+00,0.000000000000000000e+00,0.000000000000000000e+00,0.000000000000000000e+00,0.000000000000000000e+00,0.000000000000000000e+00,0.000000000000000000e+00,0.000000000000000000e+00,0.000000000000000000e+00,0.000000000000000000e+00,0.000000000000000000e+00,-1.250000000000000000e-01,-1.000000000000000000e+00,4.375000000000000000e+00,-6.000000000000000000e+00,3.625000000000000000e+00,-1.000000000000000000e+00,1.250000000000000000e-01,0.000000000000000000e+00,0.000000000000000000e+00,0.000000000000000000e+00,0.000000000000000000e+00,0.000000000000000000e+00,0.000000000000000000e+00,0.000000000000000000e+00,0.000000000000000000e+00,0.000000000000000000e+00,0.000000000000000000e+00,0.000000000000000000e+00,0.000000000000000000e+00,0.000000000000000000e+00,0.000000000000000000e+00,0.000000000000000000e+00,0.000000000000000000e+00,0.000000000000000000e+00,0.000000000000000000e+00,0.000000000000000000e+00,0.000000000000000000e+00,0.000000000000000000e+00,0.000000000000000000e+00,0.000000000000000000e+00,0.000000000000000000e+00,0.000000000000000000e+00,0.000000000000000000e+00,0.000000000000000000e+00,0.000000000000000000e+00},
{0.000000000000000000e+00,0.000000000000000000e+00,0.000000000000000000e+00,0.000000000000000000e+00,0.000000000000000000e+00,0.000000000000000000e+00,0.000000000000000000e+00,0.000000000000000000e+00,0.000000000000000000e+00,0.000000000000000000e+00,0.000000000000000000e+00,0.000000000000000000e+00,0.000000000000000000e+00,0.000000000000000000e+00,8.333333333333333703e-01,-3.000000000000000000e+00,3.500000000000000000e+00,-6.666666666666666297e-01,-1.500000000000000000e+00,1.000000000000000000e+00,-1.666666666666666574e-01,0.000000000000000000e+00,0.000000000000000000e+00,0.000000000000000000e+00,0.000000000000000000e+00,0.000000000000000000e+00,0.000000000000000000e+00,0.000000000000000000e+00,0.000000000000000000e+00,0.000000000000000000e+00,0.000000000000000000e+00,0.000000000000000000e+00,0.000000000000000000e+00,0.000000000000000000e+00,0.000000000000000000e+00,0.000000000000000000e+00,0.000000000000000000e+00,0.000000000000000000e+00,0.000000000000000000e+00,0.000000000000000000e+00,0.000000000000000000e+00,0.000000000000000000e+00,0.000000000000000000e+00,0.000000000000000000e+00,0.000000000000000000e+00,0.000000000000000000e+00,0.000000000000000000e+00,0.000000000000000000e+00,0.000000000000000000e+00},
{0.000000000000000000e+00,0.000000000000000000e+00,0.000000000000000000e+00,0.000000000000000000e+00,0.000000000000000000e+00,0.000000000000000000e+00,0.000000000000000000e+00,0.000000000000000000e+00,0.000000000000000000e+00,0.000000000000000000e+00,0.000000000000000000e+00,0.000000000000000000e+00,0.000000000000000000e+00,0.000000000000000000e+00,-1.500000000000000000e+00,8.000000000000000000e+00,-1.750000000000000000e+01,2.000000000000000000e+01,-1.250000000000000000e+01,4.000000000000000000e+00,-5.000000000000000000e-01,0.000000000000000000e+00,0.000000000000000000e+00,0.000000000000000000e+00,0.000000000000000000e+00,0.000000000000000000e+00,0.000000000000000000e+00,0.000000000000000000e+00,0.000000000000000000e+00,0.000000000000000000e+00,0.000000000000000000e+00,0.000000000000000000e+00,0.000000000000000000e+00,0.000000000000000000e+00,0.000000000000000000e+00,0.000000000000000000e+00,0.000000000000000000e+00,0.000000000000000000e+00,0.000000000000000000e+00,0.000000000000000000e+00,0.000000000000000000e+00,0.000000000000000000e+00,0.000000000000000000e+00,0.000000000000000000e+00,0.000000000000000000e+00,0.000000000000000000e+00,0.000000000000000000e+00,0.000000000000000000e+00,0.000000000000000000e+00},
{0.000000000000000000e+00,0.000000000000000000e+00,0.000000000000000000e+00,0.000000000000000000e+00,0.000000000000000000e+00,0.000000000000000000e+00,0.000000000000000000e+00,0.000000000000000000e+00,0.000000000000000000e+00,0.000000000000000000e+00,0.000000000000000000e+00,0.000000000000000000e+00,0.000000000000000000e+00,0.000000000000000000e+00,1.000000000000000000e+00,-6.000000000000000000e+00,1.500000000000000000e+01,-2.000000000000000000e+01,1.500000000000000000e+01,-6.000000000000000000e+00,1.000000000000000000e+00,0.000000000000000000e+00,0.000000000000000000e+00,0.000000000000000000e+00,0.000000000000000000e+00,0.000000000000000000e+00,0.000000000000000000e+00,0.000000000000000000e+00,0.000000000000000000e+00,0.000000000000000000e+00,0.000000000000000000e+00,0.000000000000000000e+00,0.000000000000000000e+00,0.000000000000000000e+00,0.000000000000000000e+00,0.000000000000000000e+00,0.000000000000000000e+00,0.000000000000000000e+00,0.000000000000000000e+00,0.000000000000000000e+00,0.000000000000000000e+00,0.000000000000000000e+00,0.000000000000000000e+00,0.000000000000000000e+00,0.000000000000000000e+00,0.000000000000000000e+00,0.000000000000000000e+00,0.000000000000000000e+00,0.000000000000000000e+00},
{0.000000000000000000e+00,0.000000000000000000e+00,3.333333333333333287e-02,0.000000000000000000e+00,0.000000000000000000e+00,0.000000000000000000e+00,0.000000000000000000e+00,0.000000000000000000e+00,0.000000000000000000e+00,-4.000000000000000222e-01,0.000000000000000000e+00,0.000000000000000000e+00,0.000000000000000000e+00,0.000000000000000000e+00,0.000000000000000000e+00,0.000000000000000000e+00,-5.833333333333333703e-01,0.000000000000000000e+00,0.000000000000000000e+00,0.000000000000000000e+00,0.000000000000000000e+00,0.000000000000000000e+00,0.000000000000000000e+00,1.333333333333333259e+00,0.000000000000000000e+00,0.000000000000000000e+00,0.000000000000000000e+00,0.000000000000000000e+00,0.000000000000000000e+00,0.000000000000000000e+00,-5.000000000000000000e-01,0.000000000000000000e+00,0.000000000000000000e+00,0.000000000000000000e+00,0.000000000000000000e+00,0.000000000000000000e+00,0.000000000000000000e+00,1.333333333333333315e-01,0.000000000000000000e+00,0.000000000000000000e+00,0.000000000000000000e+00,0.000000000000000000e+00,0.000000000000000000e+00,0.000000000000000000e+00,-1.666666666666666644e-02,0.000000000000000000e+00,0.000000000000000000e+00,0.000000000000000000e+00,0.000000000000000000e+00},
{1.111111111111111110e-03,-1.333333333333333419e-02,-1.944444444444444475e-02,4.444444444444444614e-02,-1.666666666666666644e-02,4.444444444444444441e-03,-5.555555555555555551e-04,-1.333333333333333419e-02,1.600000000000000033e-01,2.333333333333333370e-01,-5.333333333333333259e-01,2.000000000000000111e-01,-5.333333333333333676e-02,6.666666666666667095e-03,-1.944444444444444475e-02,2.333333333333333370e-01,3.402777777777777901e-01,-7.777777777777777901e-01,2.916666666666666852e-01,-7.777777777777777901e-02,9.722222222222222376e-03,4.444444444444444614e-02,-5.333333333333333259e-01,-7.777777777777777901e-01,1.777777777777777679e+00,-6.666666666666666297e-01,1.777777777777777846e-01,-2.222222222222222307e-02,-1.666666666666666644e-02,2.000000000000000111e-01,2.916666666666666852e-01,-6.666666666666666297e-01,2.500000000000000000e-01,-6.666666666666666574e-02,8.333333333333333218e-03,4.444444444444444441e-03,-5.333333333333333676e-02,-7.777777777777777901e-02,1.777777777777777846e-01,-6.666666666666666574e-02,1.777777777777777776e-02,-2.222222222222222220e-03,-5.555555555555555551e-04,6.666666666666667095e-03,9.722222222222222376e-03,-2.222222222222222307e-02,8.333333333333333218e-03,-2.222222222222222220e-03,2.777777777777777775e-04},
{-2.407407407407407586e-03,4.222222222222222349e-02,-7.777777777777777901e-02,3.703703703703703498e-02,2.777777777777777884e-03,-2.222222222222222220e-03,3.703703703703703520e-04,2.888888888888888756e-02,-5.066666666666667096e-01,9.333333333333333481e-01,-4.444444444444444198e-01,-3.333333333333333287e-02,2.666666666666666838e-02,-4.444444444444444441e-03,4.212962962962962798e-02,-7.388888888888889284e-01,1.361111111111111160e+00,-6.481481481481481399e-01,-4.861111111111111188e-02,3.888888888888888951e-02,-6.481481481481481295e-03,-9.629629629629629650e-02,1.688888888888888884e+00,-3.111111111111111160e+00,1.481481481481481399e+00,1.111111111111111049e-01,-8.888888888888889228e-02,1.481481481481481538e-02,3.611111111111110772e-02,-6.333333333333333037e-01,1.166666666666666741e+00,-5.555555555555555802e-01,-4.166666666666666435e-02,3.333333333333333287e-02,-5.555555555555555768e-03,-9.629629629629630344e-03,1.688888888888888939e-01,-3.111111111111111160e-01,1.481481481481481399e-01,1.111111111111111154e-02,-8.888888888888888881e-03,1.481481481481481408e-03,1.203703703703703793e-03,-2.111111111111111174e-02,3.888888888888888951e-02,-1.851851851851851749e-02,-1.388888888888888942e-03,1.111111111111111110e-03,-1.851851851851851760e-04},
{-4.166666666666666609e-03,-3.333333333333333287e-02,1.458333333333333426e-01,-2.000000000000000111e-01,1.208333333333333343e-01,-3.333333333333333287e-02,4.166666666666666609e-03,5.000000000000000278e-02,4.000000000000000222e-01,-1.750000000000000000e+00,2.399999999999999911e+00,-1.449999999999999956e+00,4.000000000000000222e-01,-5.000000000000000278e-02,7.291666666666667129e-02,5.833333333333333703e-01,-2.552083333333333481e+00,3.500000000000000000e+00,-2.114583333333333481e+00,5.833333333333333703e-01,-7.291666666666667129e-02,-1.666666666666666574e-01,-1.333333333333333259e+00,5.833333333333333037e+00,-8.000000000000000000e+00,4.833333333333333037e+00,-1.333333333333333259e+00,1.666666666666666574e-01,6.250000000000000000e-02,5.000000000000000000e-01,-2.187500000000000000e+00,3.000000000000000000e+00,-1.812500000000000000e+00,5.000000000000000000e-01,-6.250000000000000000e-02,-1.666666666666666644e-02,-1.333333333333333315e-01,5.833333333333333703e-01,-8.000000000000000444e-01,4.833333333333333370e-01,-1.333333333333333315e-01,1.666666666666666644e-02,2.083333333333333304e-03,1.666666666666666644e-02,-7.291666666666667129e-02,1.000000000000000056e-01,-6.041666666666666713e-02,1.666666666666666644e-02,-2.083333333333333304e-03},
{2.777777777777777624e-02,-1.000000000000000056e-01,1.166666666666666685e-01,-2.222222222222222307e-02,-5.000000000000000278e-02,3.333333333333333287e-02,-5.555555555555555768e-03,-3.333333333333333148e-01,1.199999999999999956e+00,-1.399999999999999911e+00,2.666666666666666630e-01,5.999999999999999778e-01,-4.000000000000000222e-01,6.666666666666666574e-02,-4.861111111111111049e-01,1.750000000000000000e+00,-2.041666666666666519e+00,3.888888888888888951e-01,8.750000000000000000e-01,-5.833333333333333703e-01,9.722222222222222376e-02,1.111111111111111160e+00,-4.000000000000000000e+00,4.666666666666666963e+00,-8.888888888888888395e-01,-2.000000000000000000e+00,1.333333333333333259e+00,-2.222222222222222099e-01,-4.166666666666666852e-01,1.500000000000000000e+00,-1.750000000000000000e+00,3.333333333333333148e-01,7.500000000000000000e-01,-5.000000000000000000e-01,8.333333333333332871e-02,1.111111111111111049e-01,-4.000000000000000222e-01,4.666666666666666741e-01,-8.888888888888889228e-02,-2.000000000000000111e-01,1.333333333333333315e-01,-2.222222222222222307e-02,-1.388888888888888812e-02,5.000000000000000278e-02,-5.833333333333333426e-02,1.111111111111111154e-02,2.500000000000000139e-02,-1.666666666666666644e-02,2.777777777777777884e-03},
{-5.000000000000000278e-02,2.666666666666666630e-01,-5.833333333333333703e-01,6.666666666666666297e-01,-4.166666666666666852e-01,1.333333333333333315e-01,-1.666666666666666644e-02,5.999999999999999778e-01,-3.200000000000000178e+00,7.000000000000000000e+00,-8.000000000000000000e+00,5.000000000000000000e+00,-1.600000000000000089e+00,2.000000000000000111e-01,8.750000000000000000e-01,-4.666666666666666963e+00,1.020833333333333393e+01,-1.166666666666666607e+01,7.291666666666666963e+00,-2.333333333333333481e+00,2.916666666666666852e-01,-2.000000000000000000e+00,1.066666666666666607e+01,-2.333333333333333215e+01,2.666666666666666785e+01,-1.666666666666666785e+01,5.333333333333333037e+00,-6.666666666666666297e-01,7.500000000000000000e-01,-4.000000000000000000e+00,8.750000000000000000e+00,-1.000000000000000000e+01,6.250000000000000000e+00,-2.000000000000000000e+00,2.500000000000000000e-01,-2.000000000000000111e-01,1.066666666666666652e+00,-2.333333333333333481e+00,2.666666666666666519e+00,-1.666666666666666741e+00,5.333333333333333259e-01,-6.666666666666666574e-02,2.500000000000000139e-02,-1.333333333333333315e-01,2.916666666666666852e-01,-3.333333333333333148e-01,2.083333333333333426e-01,-6.666666666666666574e-02,8.333333333333333218e-03},
{3.333333333333333287e-02,-2.000000000000000111e-01,5.000000000000000000e-01,-6.666666666666666297e-01,5.000000000000000000e-01,-2.000000000000000111e-01,3.333333333333333287e-02,-4.000000000000000222e-01,2.399999999999999911e+00,-6.000000000000000000e+00,8.000000000000000000e+00,-6.000000000000000000e+00,2.399999999999999911e+00,-4.000000000000000222e-01,-5.833333333333333703e-01,3.500000000000000000e+00,-8.750000000000000000e+00,1.166666666666666607e+01,-8.750000000000000000e+00,3.500000000000000000e+00,-5.833333333333333703e-01,1.333333333333333259e+00,-8.000000000000000000e+00,2.000000000000000000e+01,-2.666666666666666785e+01,2.000000000000000000e+01,-8.000000000000000000e+00,1.333333333333333259e+00,-5.000000000000000000e-01,3.000000000000000000e+00,-7.500000000000000000e+00,1.000000000000000000e+01,-7.500000000000000000e+00,3.000000000000000000e+00,-5.000000000000000000e-01,1.333333333333333315e-01,-8.000000000000000444e-01,2.000000000000000000e+00,-2.666666666666666519e+00,2.000000000000000000e+00,-8.000000000000000444e-01,1.333333333333333315e-01,-1.666666666666666644e-02,1.000000000000000056e-01,-2.500000000000000000e-01,3.333333333333333148e-01,-2.500000000000000000e-01,1.000000000000000056e-01,-1.666666666666666644e-02},
{0.000000000000000000e+00,0.000000000000000000e+00,-7.222222222222221544e-02,0.000000000000000000e+00,0.000000000000000000e+00,0.000000000000000000e+00,0.000000000000000000e+00,0.000000000000000000e+00,0.000000000000000000e+00,1.266666666666666607e+00,0.000000000000000000e+00,0.000000000000000000e+00,0.000000000000000000e+00,0.000000000000000000e+00,0.000000000000000000e+00,0.000000000000000000e+00,-2.333333333333333481e+00,0.000000000000000000e+00,0.000000000000000000e+00,0.000000000000000000e+00,0.000000000000000000e+00,0.000000000000000000e+00,0.000000000000000000e+00,1.111111111111111160e+00,0.000000000000000000e+00,0.000000000000000000e+00,0.000000000000000000e+00,0.000000000000000000e+00,0.000000000000000000e+00,0.000000000000000000e+00,8.333333333333332871e-02,0.000000000000000000e+00,0.000000000000000000e+00,0.000000000000000000e+00,0.000000000000000000e+00,0.000000000000000000e+00,0.000000000000000000e+00,-6.666666666666666574e-02,0.000000000000000000e+00,0.000000000000000000e+00,0.000000000000000000e+00,0.000000000000000000e+00,0.000000000000000000e+00,0.000000000000000000e+00,1.111111111111111154e-02,0.000000000000000000e+00,0.000000000000000000e+00,0.000000000000000000e+00,0.000000000000000000e+00},
{-2.407407407407407586e-03,2.888888888888888756e-02,4.212962962962962798e-02,-9.629629629629629650e-02,3.611111111111110772e-02,-9.629629629629630344e-03,1.203703703703703793e-03,4.222222222222222349e-02,-5.066666666666667096e-01,-7.388888888888889284e-01,1.688888888888888884e+00,-6.333333333333333037e-01,1.688888888888888939e-01,-2.111111111111111174e-02,-7.777777777777777901e-02,9.333333333333333481e-01,1.361111111111111160e+00,-3.111111111111111160e+00,1.166666666666666741e+00,-3.111111111111111160e-01,3.888888888888888951e-02,3.703703703703703498e-02,-4.444444444444444198e-01,-6.481481481481481399e-01,1.481481481481481399e+00,-5.555555555555555802e-01,1.481481481481481399e-01,-1.851851851851851749e-02,2.777777777777777884e-03,-3.333333333333333287e-02,-4.861111111111111188e-02,1.111111111111111049e-01,-4.166666666666666435e-02,1.111111111111111154e-02,-1.388888888888888942e-03,-2.222222222222222220e-03,2.666666666666666838e-02,3.888888888888888951e-02,-8.888888888888889228e-02,3.333333333333333287e-02,-8.888888888888888881e-03,1.111111111111111110e-03,3.703703703703703520e-04,-4.444444444444444441e-03,-6.481481481481481295e-03,1.481481481481481538e-02,-5.555555555555555768e-03,1.481481481481481408e-03,-1.851851851851851760e-04},
{5.216049382716049336e-03,-9.148148148148148306e-02,1.685185185185185119e-01,-8.024691358024690913e-02,-6.018518518518518531e-03,4.814814814814815172e-03,-8.024691358024690869e-04,-9.148148148148148306e-02,1.604444444444444340e+00,-2.955555555555555713e+00,1.407407407407407440e+00,1.055555555555555552e-01,-8.444444444444444697e-02,1.407407407407407392e-02,1.685185185185185119e-01,-2.955555555555555713e+00,5.444444444444444642e+00,-2.592592592592592560e+00,-1.944444444444444475e-01,1.555555555555555580e-01,-2.592592592592592518e-02,-8.024691358024690913e-02,1.407407407407407440e+00,-2.592592592592592560e+00,1.234567901234567833e+00,9.259259259259258745e-02,-7.407407407407406996e-02,1.234567901234567833e-02,-6.018518518518518531e-03,1.055555555555555552e-01,-1.944444444444444475e-01,9.259259259259258745e-02,6.944444444444444059e-03,-5.555555555555555768e-03,9.259259259259259613e-04,4.814814814814815172e-03,-8.444444444444444697e-02,1.555555555555555580e-01,-7.407407407407406996e-02,-5.555555555555555768e-03,4.444444444444444441e-03,-7.407407407407407040e-04,-8.024691358024690869e-04,1.407407407407407392e-02,-2.592592592592592518e-02,1.234567901234567833e-02,9.259259259259259613e-04,-7.407407407407407040e-04,1.234567901234567930e-04},
{9.027777777777776930e-03,7.222222222222221544e-02,-3.159722222222222099e-01,4.333333333333333481e-01,-2.618055555555555691e-01,7.222222222222221544e-02,-9.027777777777776930e-03,-1.583333333333333259e-01,-1.266666666666666607e+00,5.541666666666666963e+00,-7.599999999999999645e+00,4.591666666666666785e+00,-1.266666666666666607e+00,1.583333333333333259e-01,2.916666666666666852e-01,2.333333333333333481e+00,-1.020833333333333393e+01,1.400000000000000000e+01,-8.458333333333333925e+00,2.333333333333333481e+00,-2.916666666666666852e-01,-1.388888888888888951e-01,-1.111111111111111160e+00,4.861111111111110716e+00,-6.666666666666666963e+00,4.027777777777777679e+00,-1.111111111111111160e+00,1.388888888888888951e-01,-1.041666666666666609e-02,-8.333333333333332871e-02,3.645833333333333148e-01,-5.000000000000000000e-01,3.020833333333333148e-01,-8.333333333333332871e-02,1.041666666666666609e-02,8.333333333333333218e-03,6.666666666666666574e-02,-2.916666666666666852e-01,4.000000000000000222e-01,-2.416666666666666685e-01,6.666666666666666574e-02,-8.333333333333333218e-03,-1.388888888888888942e-03,-1.111111111111111154e-02,4.861111111111111188e-02,-6.666666666666666574e-02,4.027777777777778040e-02,-1.111111111111111154e-02,1.388888888888888942e-03},
{-6.018518518518518184e-02,2.166666666666666741e-01,-2.527777777777777679e-01,4.814814814814814825e-02,1.083333333333333370e-01,-7.222222222222221544e-02,1.203703703703703706e-02,1.055555555555555580e+00,-3.799999999999999822e+00,4.433333333333333570e+00,-8.444444444444444420e-01,-1.899999999999999911e+00,1.266666666666666607e+00,-2.111111111111111105e-01,-1.944444444444444420e+00,7.000000000000000000e+00,-8.166666666666666075e+00,1.555555555555555580e+00,3.500000000000000000e+00,-2.333333333333333481e+00,3.888888888888888951e-01,9.259259259259259300e-01,-3.333333333333333481e+00,3.888888888888888840e+00,-7.407407407407406996e-01,-1.666666666666666741e+00,1.111111111111111160e+00,-1.851851851851851749e-01,6.944444444444444753e-02,-2.500000000000000000e-01,2.916666666666666852e-01,-5.555555555555555247e-02,-1.250000000000000000e-01,8.333333333333332871e-02,-1.388888888888888812e-02,-5.555555555555555247e-02,2.000000000000000111e-01,-2.333333333333333370e-01,4.444444444444444614e-02,1.000000000000000056e-01,-6.666666666666666574e-02,1.111111111111111154e-02,9.259259259259258745e-03,-3.333333333333333287e-02,3.888888888888888951e-02,-7.407407407407407690e-03,-1.666666666666666644e-02,1.111111111111111154e-02,-1.851851851851851923e-03},
{1.083333333333333370e-01,-5.777777777777777235e-01,1.263888888888888840e+00,-1.444444444444444420e+00,9.027777777777777901e-01,-2.888888888888888618e-01,3.611111111111110772e-02,-1.899999999999999911e+00,1.013333333333333286e+01,-2.216666666666666785e+01,2.533333333333333215e+01,-1.583333333333333393e+01,5.066666666666666430e+00,-6.333333333333333037e-01,3.500000000000000000e+00,-1.866666666666666785e+01,4.083333333333333570e+01,-4.666666666666666430e+01,2.916666666666666785e+01,-9.333333333333333925e+00,1.166666666666666741e+00,-1.666666666666666741e+00,8.888888888888889284e+00,-1.944444444444444287e+01,2.222222222222222143e+01,-1.388888888888888928e+01,4.444444444444444642e+00,-5.555555555555555802e-01,-1.250000000000000000e-01,6.666666666666666297e-01,-1.458333333333333259e+00,1.666666666666666741e+00,-1.041666666666666741e+00,3.333333333333333148e-01,-4.166666666666666435e-02,1.000000000000000056e-01,-5.333333333333333259e-01,1.166666666666666741e+00,-1.333333333333333259e+00,8.333333333333333703e-01,-2.666666666666666630e-01,3.333333333333333287e-02,-1.666666666666666644e-02,8.888888888888889228e-02,-1.944444444444444475e-01,2.222222222222222099e-01,-1.388888888888888951e-01,4.444444444444444614e-02,-5.555555555555555768e-03},
{-7.222222222222221544e-02,4.333333333333333481e-01,-1.083333333333333259e+00,1.444444444444444420e+00,-1.083333333333333259e+00,4.333333333333333481e-01,-7.222222222222221544e-02,1.266666666666666607e+00,-7.599999999999999645e+00,1.900000000000000000e+01,-2.533333333333333215e+01,1.900000000000000000e+01,-7.599999999999999645e+00,1.266666666666666607e+00,-2.333333333333333481e+00,1.400000000000000000e+01,-3.500000000000000000e+01,4.666666666666666430e+01,-3.500000000000000000e+01,1.400000000000000000e+01,-2.333333333333333481e+00,1.111111111111111160e+00,-6.666666666666666963e+00,1.666666666666666785e+01,-2.222222222222222143e+01,1.666666666666666785e+01,-6.666666666666666963e+00,1.111111111111111160e+00,8.333333333333332871e-02,-5.000000000000000000e-01,1.250000000000000000e+00,-1.666666666666666741e+00,1.250000000000000000e+00,-5.000000000000000000e-01,8.333333333333332871e-02,-6.666666666666666574e-02,4.000000000000000222e-01,-1.000000000000000000e+00,1.333333333333333259e+00,-1.000000000000000000e+00,4.000000000000000222e-01,-6.666666666666666574e-02,1.111111111111111154e-02,-6.666666666666666574e-02,1.666666666666666574e-01,-2.222222222222222099e-01,1.666666666666666574e-01,-6.666666666666666574e-02,1.111111111111111154e-02},
{0.000000000000000000e+00,0.000000000000000000e+00,-1.250000000000000000e-01,0.000000000000000000e+00,0.000000000000000000e+00,0.000000000000000000e+00,0.000000000000000000e+00,0.000000000000000000e+00,0.000000000000000000e+00,-1.000000000000000000e+00,0.000000000000000000e+00,0.000000000000000000e+00,0.000000000000000000e+00,0.000000000000000000e+00,0.000000000000000000e+00,0.000000000000000000e+00,4.375000000000000000e+00,0.000000000000000000e+00,0.000000000000000000e+00,0.000000000000000000e+00,0.000000000000000000e+00,0.000000000000000000e+00,0.000000000000000000e+00,-6.000000000000000000e+00,0.000000000000000000e+00,0.000000000000000000e+00,0.000000000000000000e+00,0.000000000000000000e+00,0.000000000000000000e+00,0.000000000000000000e+00,3.625000000000000000e+00,0.000000000000000000e+00,0.000000000000000000e+00,0.000000000000000000e+00,0.000000000000000000e+00,0.000000000000000000e+00,0.000000000000000000e+00,-1.000000000000000000e+00,0.000000000000000000e+00,0.000000000000000000e+00,0.000000000000000000e+00,0.000000000000000000e+00,0.000000000000000000e+00,0.000000000000000000e+00,1.250000000000000000e-01,0.000000000000000000e+00,0.000000000000000000e+00,0.000000000000000000e+00,0.000000000000000000e+00},
{-4.166666666666666609e-03,5.000000000000000278e-02,7.291666666666667129e-02,-1.666666666666666574e-01,6.250000000000000000e-02,-1.666666666666666644e-02,2.083333333333333304e-03,-3.333333333333333287e-02,4.000000000000000222e-01,5.833333333333333703e-01,-1.333333333333333259e+00,5.000000000000000000e-01,-1.333333333333333315e-01,1.666666666666666644e-02,1.458333333333333426e-01,-1.750000000000000000e+00,-2.552083333333333481e+00,5.833333333333333037e+00,-2.187500000000000000e+00,5.833333333333333703e-01,-7.291666666666667129e-02,-2.000000000000000111e-01,2.399999999999999911e+00,3.500000000000000000e+00,-8.000000000000000000e+00,3.000000000000000000e+00,-8.000000000000000444e-01,1.000000000000000056e-01,1.208333333333333343e-01,-1.449999999999999956e+00,-2.114583333333333481e+00,4.833333333333333037e+00,-1.812500000000000000e+00,4.833333333333333370e-01,-6.041666666666666713e-02,-3.333333333333333287e-02,4.000000000000000222e-01,5.833333333333333703e-01,-1.333333333333333259e+00,5.000000000000000000e-01,-1.333333333333333315e-01,1.666666666666666644e-02,4.166666666666666609e-03,-5.000000000000000278e-02,-7.291666666666667129e-02,1.666666666666666574e-01,-6.250000000000000000e-02,1.666666666666666644e-02,-2.083333333333333304e-03},
{9.027777777777776930e-03,-1.583333333333333259e-01,2.916666666666666852e-01,-1.388888888888888951e-01,-1.041666666666666609e-02,8.333333333333333218e-03,-1.388888888888888942e-03,7.222222222222221544e-02,-1.266666666666666607e+00,2.333333333333333481e+00,-1.111111111111111160e+00,-8.333333333333332871e-02,6.666666666666666574e-02,-1.111111111111111154e-02,-3.159722222222222099e-01,5.541666666666666963e+00,-1.020833333333333393e+01,4.861111111111110716e+00,3.645833333333333148e-01,-2.916666666666666852e-01,4.861111111111111188e-02,4.333333333333333481e-01,-7.599999999999999645e+00,1.400000000000000000e+01,-6.666666666666666963e+00,-5.000000000000000000e-01,4.000000000000000222e-01,-6.666666666666666574e-02,-2.618055555555555691e-01,4.591666666666666785e+00,-8.458333333333333925e+00,4.027777777777777679e+00,3.020833333333333148e-01,-2.416666666666666685e-01,4.027777777777778040e-02,7.222222222222221544e-02,-1.266666666666666607e+00,2.333333333333333481e+00,-1.111111111111111160e+00,-8.333333333333332871e-02,6.666666666666666574e-02,-1.111111111111111154e-02,-9.027777777777776930e-03,1.583333333333333259e-01,-2.916666666666666852e-01,1.388888888888888951e-01,1.041666666666666609e-02,-8.333333333333333218e-03,1.388888888888888942e-03},
{1.562500000000000000e-02,1.250000000000000000e-01,-5.468750000000000000e-01,7.500000000000000000e-01,-4.531250000000000000e-01,1.250000000000000000e-01,-1.562500000000000000e-02,1.250000000000000000e-01,1.000000000000000000e+00,-4.375000000000000000e+00,6.000000000000000000e+00,-3.625000000000000000e+00,1.000000000000000000e+00,-1.250000000000000000e-01,-5.468750000000000000e-01,-4.375000000000000000e+00,1.914062500000000000e+01,-2.625000000000000000e+01,1.585937500000000000e+01,-4.375000000000000000e+00,5.468750000000000000e-01,7.500000000000000000e-01,6.000000000000000000e+00,-2.625000000000000000e+01,3.600000000000000000e+01,-2.175000000000000000e+01,6.000000000000000000e+00,-7.500000000000000000e-01,-4.531250000000000000e-01,-3.625000000000000000e+00,1.585937500000000000e+01,-2.175000000000000000e+01,1.314062500000000000e+01,-3.625000000000000000e+00,4.531250000000000000e-01,1.250000000000000000e-01,1.000000000000000000e+00,-4.375000000000000000e+00,6.000000000000000000e+00,-3.625000000000000000e+00,1.000000000000000000e+00,-1.250000000000000000e-01,-1.562500000000000000e-02,-1.250000000000000000e-01,5.468750000000000000e-01,-7.500000000000000000e-01,4.531250000000000000e-01,-1.250000000000000000e-01,1.562500000000000000e-02},
{-1.041666666666666713e-01,3.750000000000000000e-01,-4.375000000000000000e-01,8.333333333333332871e-02,1.875000000000000000e-01,-1.250000000000000000e-01,2.083333333333333218e-02,-8.333333333333333703e-01,3.000000000000000000e+00,-3.500000000000000000e+00,6.666666666666666297e-01,1.500000000000000000e+00,-1.000000000000000000e+00,1.666666666666666574e-01,3.645833333333333481e+00,-1.312500000000000000e+01,1.531250000000000000e+01,-2.916666666666666519e+00,-6.562500000000000000e+00,4.375000000000000000e+00,-7.291666666666666297e-01,-5.000000000000000000e+00,1.800000000000000000e+01,-2.100000000000000000e+01,4.000000000000000000e+00,9.000000000000000000e+00,-6.000000000000000000e+00,1.000000000000000000e+00,3.020833333333333481e+00,-1.087500000000000000e+01,1.268750000000000000e+01,-2.416666666666666519e+00,-5.437500000000000000e+00,3.625000000000000000e+00,-6.041666666666666297e-01,-8.333333333333333703e-01,3.000000000000000000e+00,-3.500000000000000000e+00,6.666666666666666297e-01,1.500000000000000000e+00,-1.000000000000000000e+00,1.666666666666666574e-01,1.041666666666666713e-01,-3.750000000000000000e-01,4.375000000000000000e-01,-8.333333333333332871e-02,-1.875000000000000000e-01,1.250000000000000000e-01,-2.083333333333333218e-02},
{1.875000000000000000e-01,-1.000000000000000000e+00,2.187500000000000000e+00,-2.500000000000000000e+00,1.562500000000000000e+00,-5.000000000000000000e-01,6.250000000000000000e-02,1.500000000000000000e+00,-8.000000000000000000e+00,1.750000000000000000e+01,-2.000000000000000000e+01,1.250000000000000000e+01,-4.000000000000000000e+00,5.000000000000000000e-01,-6.562500000000000000e+00,3.500000000000000000e+01,-7.656250000000000000e+01,8.750000000000000000e+01,-5.468750000000000000e+01,1.750000000000000000e+01,-2.187500000000000000e+00,9.000000000000000000e+00,-4.800000000000000000e+01,1.050000000000000000e+02,-1.200000000000000000e+02,7.500000000000000000e+01,-2.400000000000000000e+01,3.000000000000000000e+00,-5.437500000000000000e+00,2.900000000000000000e+01,-6.343750000000000000e+01,7.250000000000000000e+01,-4.531250000000000000e+01,1.450000000000000000e+01,-1.812500000000000000e+00,1.500000000000000000e+00,-8.000000000000000000e+00,1.750000000000000000e+01,-2.000000000000000000e+01,1.250000000000000000e+01,-4.000000000000000000e+00,5.000000000000000000e-01,-1.875000000000000000e-01,1.000000000000000000e+00,-2.187500000000000000e+00,2.500000000000000000e+00,-1.562500000000000000e+00,5.000000000000000000e-01,-6.250000000000000000e-02},
{-1.250000000000000000e-01,7.500000000000000000e-01,-1.875000000000000000e+00,2.500000000000000000e+00,-1.875000000000000000e+00,7.500000000000000000e-01,-1.250000000000000000e-01,-1.000000000000000000e+00,6.000000000000000000e+00,-1.500000000000000000e+01,2.000000000000000000e+01,-1.500000000000000000e+01,6.000000000000000000e+00,-1.000000000000000000e+00,4.375000000000000000e+00,-2.625000000000000000e+01,6.562500000000000000e+01,-8.750000000000000000e+01,6.562500000000000000e+01,-2.625000000000000000e+01,4.375000000000000000e+00,-6.000000000000000000e+00,3.600000000000000000e+01,-9.000000000000000000e+01,1.200000000000000000e+02,-9.000000000000000000e+01,3.600000000000000000e+01,-6.000000000000000000e+00,3.625000000000000000e+00,-2.175000000000000000e+01,5.437500000000000000e+01,-7.250000000000000000e+01,5.437500000000000000e+01,-2.175000000000000000e+01,3.625000000000000000e+00,-1.000000000000000000e+00,6.000000000000000000e+00,-1.500000000000000000e+01,2.000000000000000000e+01,-1.500000000000000000e+01,6.000000000000000000e+00,-1.000000000000000000e+00,1.250000000000000000e-01,-7.500000000000000000e-01,1.875000000000000000e+00,-2.500000000000000000e+00,1.875000000000000000e+00,-7.500000000000000000e-01,1.250000000000000000e-01},
{0.000000000000000000e+00,0.000000000000000000e+00,8.333333333333333703e-01,0.000000000000000000e+00,0.000000000000000000e+00,0.000000000000000000e+00,0.000000000000000000e+00,0.000000000000000000e+00,0.000000000000000000e+00,-3.000000000000000000e+00,0.000000000000000000e+00,0.000000000000000000e+00,0.000000000000000000e+00,0.000000000000000000e+00,0.000000000000000000e+00,0.000000000000000000e+00,3.500000000000000000e+00,0.000000000000000000e+00,0.000000000000000000e+00,0.000000000000000000e+00,0.000000000000000000e+00,0.000000000000000000e+00,0.000000000000000000e+00,-6.666666666666666297e-01,0.000000000000000000e+00,0.000000000000000000e+00,0.000000000000000000e+00,0.000000000000000000e+00,0.000000000000000000e+00,0.000000000000000000e+00,-1.500000000000000000e+00,0.000000000000000000e+00,0.000000000000000000e+00,0.000000000000000000e+00,0.000000000000000000e+00,0.000000000000000000e+00,0.000000000000000000e+00,1.000000000000000000e+00,0.000000000000000000e+00,0.000000000000000000e+00,0.000000000000000000e+00,0.000000000000000000e+00,0.000000000000000000e+00,0.000000000000000000e+00,-1.666666666666666574e-01,0.000000000000000000e+00,0.000000000000000000e+00,0.000000000000000000e+00,0.000000000000000000e+00},
{2.777777777777777624e-02,-3.333333333333333148e-01,-4.861111111111111049e-01,1.111111111111111160e+00,-4.166666666666666852e-01,1.111111111111111049e-01,-1.388888888888888812e-02,-1.000000000000000056e-01,1.199999999999999956e+00,1.750000000000000000e+00,-4.000000000000000000e+00,1.500000000000000000e+00,-4.000000000000000222e-01,5.000000000000000278e-02,1.166666666666666685e-01,-1.399999999999999911e+00,-2.041666666666666519e+00,4.666666666666666963e+00,-1.750000000000000000e+00,4.666666666666666741e-01,-5.833333333333333426e-02,-2.222222222222222307e-02,2.666666666666666630e-01,3.888888888888888951e-01,-8.888888888888888395e-01,3.333333333333333148e-01,-8.888888888888889228e-02,1.111111111111111154e-02,-5.000000000000000278e-02,5.999999999999999778e-01,8.750000000000000000e-01,-2.000000000000000000e+00,7.500000000000000000e-01,-2.000000000000000111e-01,2.500000000000000139e-02,3.333333333333333287e-02,-4.000000000000000222e-01,-5.833333333333333703e-01,1.333333333333333259e+00,-5.000000000000000000e-01,1.333333333333333315e-01,-1.666666666666666644e-02,-5.555555555555555768e-03,6.666666666666666574e-02,9.722222222222222376e-02,-2.222222222222222099e-01,8.333333333333332871e-02,-2.222222222222222307e-02,2.777777777777777884e-03},
{-6.018518518518518184e-02,1.055555555555555580e+00,-1.944444444444444420e+00,9.259259259259259300e-01,6.944444444444444753e-02,-5.555555555555555247e-02,9.259259259259258745e-03,2.166666666666666741e-01,-3.799999999999999822e+00,7.000000000000000000e+00,-3.333333333333333481e+00,-2.500000000000000000e-01,2.000000000000000111e-01,-3.333333333333333287e-02,-2.527777777777777679e-01,4.433333333333333570e+00,-8.166666666666666075e+00,3.888888888888888840e+00,2.916666666666666852e-01,-2.333333333333333370e-01,3.888888888888888951e-02,4.814814814814814825e-02,-8.444444444444444420e-01,1.555555555555555580e+00,-7.407407407407406996e-01,-5.555555555555555247e-02,4.444444444444444614e-02,-7.407407407407407690e-03,1.083333333333333370e-01,-1.899999999999999911e+00,3.500000000000000000e+00,-1.666666666666666741e+00,-1.250000000000000000e-01,1.000000000000000056e-01,-1.666666666666666644e-02,-7.222222222222221544e-02,1.266666666666666607e+00,-2.333333333333333481e+00,1.111111111111111160e+00,8.333333333333332871e-02,-6.666666666666666574e-02,1.111111111111111154e-02,1.203703703703703706e-02,-2.111111111111111105e-01,3.888888888888888951e-01,-1.851851851851851749e-01,-1.388888888888888812e-02,1.111111111111111154e-02,-1.851851851851851923e-03},
{-1.041666666666666713e-01,-8.333333333333333703e-01,3.645833333333333481e+00,-5.000000000000000000e+00,3.020833333333333481e+00,-8.333333333333333703e-01,1.041666666666666713e-01,3.750000000000000000e-01,3.000000000000000000e+00,-1.312500000000000000e+01,1.800000000000000000e+01,-1.087500000000000000e+01,3.000000000000000000e+00,-3.750000000000000000e-01,-4.375000000000000000e-01,-3.500000000000000000e+00,1.531250000000000000e+01,-2.100000000000000000e+01,1.268750000000000000e+01,-3.500000000000000000e+00,4.375000000000000000e-01,8.333333333333332871e-02,6.666666666666666297e-01,-2.916666666666666519e+00,4.000000000000000000e+00,-2.416666666666666519e+00,6.666666666666666297e-01,-8.333333333333332871e-02,1.875000000000000000e-01,1.500000000000000000e+00,-6.562500000000000000e+00,9.000000000000000000e+00,-5.437500000000000000e+00,1.500000000000000000e+00,-1.875000000000000000e-01,-1.250000000000000000e-01,-1.000000000000000000e+00,4.375000000000000000e+00,-6.000000000000000000e+00,3.625000000000000000e+00,-1.000000000000000000e+00,1.250000000000000000e-01,2.083333333333333218e-02,1.666666666666666574e-01,-7.291666666666666297e-01,1.000000000000000000e+00,-6.041666666666666297e-01,1.666666666666666574e-01,-2.083333333333333218e-02},
