const double Mdderiv_matrix5[25][25]={
{0.000000000000000000e+00,0.000000000000000000e+00,0.000000000000000000e+00,0.000000000000000000e+00,0.000000000000000000e+00,0.000000000000000000e+00,0.000000000000000000e+00,0.000000000000000000e+00,0.000000000000000000e+00,0.000000000000000000e+00,8.333333333333332871e-02,-6.666666666666666297e-01,0.000000000000000000e+00,6.666666666666666297e-01,-8.333333333333332871e-02,0.000000000000000000e+00,0.000000000000000000e+00,0.000000000000000000e+00,0.000000000000000000e+00,0.000000000000000000e+00,0.000000000000000000e+00,0.000000000000000000e+00,0.000000000000000000e+00,0.000000000000000000e+00,0.000000000000000000e+00},
{0.000000000000000000e+00,0.000000000000000000e+00,0.000000000000000000e+00,0.000000000000000000e+00,0.000000000000000000e+00,0.000000000000000000e+00,0.000000000000000000e+00,0.000000000000000000e+00,0.000000000000000000e+00,0.000000000000000000e+00,8.333333333333332871e-02,-6.666666666666666297e-01,0.000000000000000000e+00,6.666666666666666297e-01,-8.333333333333332871e-02,0.000000000000000000e+00,0.000000000000000000e+00,0.000000000000000000e+00,0.000000000000000000e+00,0.000000000000000000e+00,0.000000000000000000e+00,0.000000000000000000e+00,0.000000000000000000e+00,0.000000000000000000e+00,0.000000000000000000e+00},
{0.000000000000000000e+00,0.000000000000000000e+00,0.000000000000000000e+00,0.000000000000000000e+00,0.000000000000000000e+00,0.000000000000000000e+00,0.000000000000000000e+00,0.000000000000000000e+00,0.000000000000000000e+00,0.000000000000000000e+00,-8.333333333333332871e-02,1.333333333333333259e+00,-2.500000000000000000e+00,1.333333333333333259e+00,-8.333333333333332871e-02,0.000000000000000000e+00,0.000000000000000000e+00,0.000000000000000000e+00,0.000000000000000000e+00,0.000000000000000000e+00,0.000000000000000000e+00,0.000000000000000000e+00,0.000000000000000000e+00,0.000000000000000000e+00,0.000000000000000000e+00},
{0.000000000000000000e+00,0.000000000000000000e+00,0.000000000000000000e+00,0.000000000000000000e+00,0.000000000000000000e+00,0.000000000000000000e+00,0.000000000000000000e+00,0.000000000000000000e+00,0.000000000000000000e+00,0.000000000000000000e+00,-5.000000000000000000e-01,1.000000000000000000e+00,0.000000000000000000e+00,-1.000000000000000000e+00,5.000000000000000000e-01,0.000000000000000000e+00,0.000000000000000000e+00,0.000000000000000000e+00,0.000000000000000000e+00,0.000000000000000000e+00,0.000000000000000000e+00,0.000000000000000000e+00,0.000000000000000000e+00,0.000000000000000000e+00,0.000000000000000000e+00},
{0.000000000000000000e+00,0.000000000000000000e+00,0.000000000000000000e+00,0.000000000000000000e+00,0.000000000000000000e+00,0.000000000000000000e+00,0.000000000000000000e+00,0.000000000000000000e+00,0.000000000000000000e+00,0.000000000000000000e+00,1.000000000000000000e+00,-4.000000000000000000e+00,6.000000000000000000e+00,-4.000000000000000000e+00,1.000000000000000000e+00,0.000000000000000000e+00,0.000000000000000000e+00,0.000000000000000000e+00,0.000000000000000000e+00,0.000000000000000000e+00,0.000000000000000000e+00,0.000000000000000000e+00,0.000000000000000000e+00,0.000000000000000000e+00,0.000000000000000000e+00},
{0.000000000000000000e+00,0.000000000000000000e+00,8.333333333333332871e-02,0.000000000000000000e+00,0.000000000000000000e+00,0.000000000000000000e+00,0.000000000000000000e+00,-6.666666666666666297e-01,0.000000000000000000e+00,0.000000000000000000e+00,0.000000000000000000e+00,0.000000000000000000e+00,0.000000000000000000e+00,0.000000000000000000e+00,0.000000000000000000e+00,0.000000000000000000e+00,0.000000000000000000e+00,6.666666666666666297e-01,0.000000000000000000e+00,0.000000000000000000e+00,0.000000000000000000e+00,0.000000000000000000e+00,-8.333333333333332871e-02,0.000000000000000000e+00,0.000000000000000000e+00},
{6.944444444444444059e-03,-5.555555555555555247e-02,0.000000000000000000e+00,5.555555555555555247e-02,-6.944444444444444059e-03,-5.555555555555555247e-02,4.444444444444444198e-01,0.000000000000000000e+00,-4.444444444444444198e-01,5.555555555555555247e-02,0.000000000000000000e+00,0.000000000000000000e+00,0.000000000000000000e+00,0.000000000000000000e+00,0.000000000000000000e+00,5.555555555555555247e-02,-4.444444444444444198e-01,0.000000000000000000e+00,4.444444444444444198e-01,-5.555555555555555247e-02,-6.944444444444444059e-03,5.555555555555555247e-02,0.000000000000000000e+00,-5.555555555555555247e-02,6.944444444444444059e-03},
{-6.944444444444444059e-03,1.111111111111111049e-01,-2.083333333333333426e-01,1.111111111111111049e-01,-6.944444444444444059e-03,5.555555555555555247e-02,-8.888888888888888395e-01,1.666666666666666741e+00,-8.888888888888888395e-01,5.555555555555555247e-02,0.000000000000000000e+00,0.000000000000000000e+00,0.000000000000000000e+00,0.000000000000000000e+00,0.000000000000000000e+00,-5.555555555555555247e-02,8.888888888888888395e-01,-1.666666666666666741e+00,8.888888888888888395e-01,-5.555555555555555247e-02,6.944444444444444059e-03,-1.111111111111111049e-01,2.083333333333333426e-01,-1.111111111111111049e-01,6.944444444444444059e-03},
{-4.166666666666666435e-02,8.333333333333332871e-02,0.000000000000000000e+00,-8.333333333333332871e-02,4.166666666666666435e-02,3.333333333333333148e-01,-6.666666666666666297e-01,0.000000000000000000e+00,6.666666666666666297e-01,-3.333333333333333148e-01,0.000000000000000000e+00,0.000000000000000000e+00,0.000000000000000000e+00,0.000000000000000000e+00,0.000000000000000000e+00,-3.333333333333333148e-01,6.666666666666666297e-01,0.000000000000000000e+00,-6.666666666666666297e-01,3.333333333333333148e-01,4.166666666666666435e-02,-8.333333333333332871e-02,0.000000000000000000e+00,8.333333333333332871e-02,-4.166666666666666435e-02},
{8.333333333333332871e-02,-3.333333333333333148e-01,5.000000000000000000e-01,-3.333333333333333148e-01,8.333333333333332871e-02,-6.666666666666666297e-01,2.666666666666666519e+00,-4.000000000000000000e+00,2.666666666666666519e+00,-6.666666666666666297e-01,0.000000000000000000e+00,0.000000000000000000e+00,0.000000000000000000e+00,0.000000000000000000e+00,0.000000000000000000e+00,6.666666666666666297e-01,-2.666666666666666519e+00,4.000000000000000000e+00,-2.666666666666666519e+00,6.666666666666666297e-01,-8.333333333333332871e-02,3.333333333333333148e-01,-5.000000000000000000e-01,3.333333333333333148e-01,-8.333333333333332871e-02},
{0.000000000000000000e+00,0.000000000000000000e+00,-8.333333333333332871e-02,0.000000000000000000e+00,0.000000000000000000e+00,0.000000000000000000e+00,0.000000000000000000e+00,1.333333333333333259e+00,0.000000000000000000e+00,0.000000000000000000e+00,0.000000000000000000e+00,0.000000000000000000e+00,-2.500000000000000000e+00,0.000000000000000000e+00,0.000000000000000000e+00,0.000000000000000000e+00,0.000000000000000000e+00,1.333333333333333259e+00,0.000000000000000000e+00,0.000000000000000000e+00,0.000000000000000000e+00,0.000000000000000000e+00,-8.333333333333332871e-02,0.000000000000000000e+00,0.000000000000000000e+00},
{-6.944444444444444059e-03,5.555555555555555247e-02,0.000000000000000000e+00,-5.555555555555555247e-02,6.944444444444444059e-03,1.111111111111111049e-01,-8.888888888888888395e-01,0.000000000000000000e+00,8.888888888888888395e-01,-1.111111111111111049e-01,-2.083333333333333426e-01,1.666666666666666741e+00,0.000000000000000000e+00,-1.666666666666666741e+00,2.083333333333333426e-01,1.111111111111111049e-01,-8.888888888888888395e-01,0.000000000000000000e+00,8.888888888888888395e-01,-1.111111111111111049e-01,-6.944444444444444059e-03,5.555555555555555247e-02,0.000000000000000000e+00,-5.555555555555555247e-02,6.944444444444444059e-03},
{6.944444444444444059e-03,-1.111111111111111049e-01,2.083333333333333426e-01,-1.111111111111111049e-01,6.944444444444444059e-03,-1.111111111111111049e-01,1.777777777777777679e+00,-3.333333333333333481e+00,1.777777777777777679e+00,-1.111111111111111049e-01,2.083333333333333426e-01,-3.333333333333333481e+00,6.250000000000000000e+00,-3.333333333333333481e+00,2.083333333333333426e-01,-1.111111111111111049e-01,1.777777777777777679e+00,-3.333333333333333481e+00,1.777777777777777679e+00,-1.111111111111111049e-01,6.944444444444444059e-03,-1.111111111111111049e-01,2.083333333333333426e-01,-1.111111111111111049e-01,6.944444444444444059e-03},
{4.166666666666666435e-02,-8.333333333333332871e-02,0.000000000000000000e+00,8.333333333333332871e-02,-4.166666666666666435e-02,-6.666666666666666297e-01,1.333333333333333259e+00,0.000000000000000000e+00,-1.333333333333333259e+00,6.666666666666666297e-01,1.250000000000000000e+00,-2.500000000000000000e+00,0.000000000000000000e+00,2.500000000000000000e+00,-1.250000000000000000e+00,-6.666666666666666297e-01,1.333333333333333259e+00,0.000000000000000000e+00,-1.333333333333333259e+00,6.666666666666666297e-01,4.166666666666666435e-02,-8.333333333333332871e-02,0.000000000000000000e+00,8.333333333333332871e-02,-4.166666666666666435e-02},
{-8.333333333333332871e-02,3.333333333333333148e-01,-5.000000000000000000e-01,3.333333333333333148e-01,-8.333333333333332871e-02,1.333333333333333259e+00,-5.333333333333333037e+00,8.000000000000000000e+00,-5.333333333333333037e+00,1.333333333333333259e+00,-2.500000000000000000e+00,1.000000000000000000e+01,-1.500000000000000000e+01,1.000000000000000000e+01,-2.500000000000000000e+00,1.333333333333333259e+00,-5.333333333333333037e+00,8.000000000000000000e+00,-5.333333333333333037e+00,1.333333333333333259e+00,-8.333333333333332871e-02,3.333333333333333148e-01,-5.000000000000000000e-01,3.333333333333333148e-01,-8.333333333333332871e-02},
{0.000000000000000000e+00,0.000000000000000000e+00,-5.000000000000000000e-01,0.000000000000000000e+00,0.000000000000000000e+00,0.000000000000000000e+00,0.000000000000000000e+00,1.000000000000000000e+00,0.000000000000000000e+00,0.000000000000000000e+00,0.000000000000000000e+00,0.000000000000000000e+00,0.000000000000000000e+00,0.000000000000000000e+00,0.000000000000000000e+00,0.000000000000000000e+00,0.000000000000000000e+00,-1.000000000000000000e+00,0.000000000000000000e+00,0.000000000000000000e+00,0.000000000000000000e+00,0.000000000000000000e+00,5.000000000000000000e-01,0.000000000000000000e+00,0.000000000000000000e+00},
{-4.166666666666666435e-02,3.333333333333333148e-01,0.000000000000000000e+00,-3.333333333333333148e-01,4.166666666666666435e-02,8.333333333333332871e-02,-6.666666666666666297e-01,0.000000000000000000e+00,6.666666666666666297e-01,-8.333333333333332871e-02,0.000000000000000000e+00,0.000000000000000000e+00,0.000000000000000000e+00,0.000000000000000000e+00,0.000000000000000000e+00,-8.333333333333332871e-02,6.666666666666666297e-01,0.000000000000000000e+00,-6.666666666666666297e-01,8.333333333333332871e-02,4.166666666666666435e-02,-3.333333333333333148e-01,0.000000000000000000e+00,3.333333333333333148e-01,-4.166666666666666435e-02},
{4.166666666666666435e-02,-6.666666666666666297e-01,1.250000000000000000e+00,-6.666666666666666297e-01,4.166666666666666435e-02,-8.333333333333332871e-02,1.333333333333333259e+00,-2.500000000000000000e+00,1.333333333333333259e+00,-8.333333333333332871e-02,0.000000000000000000e+00,0.000000000000000000e+00,0.000000000000000000e+00,0.000000000000000000e+00,0.000000000000000000e+00,8.333333333333332871e-02,-1.333333333333333259e+00,2.500000000000000000e+00,-1.333333333333333259e+00,8.333333333333332871e-02,-4.166666666666666435e-02,6.666666666666666297e-01,-1.250000000000000000e+00,6.666666666666666297e-01,-4.166666666666666435e-02},
{2.500000000000000000e-01,-5.000000000000000000e-01,0.000000000000000000e+00,5.000000000000000000e-01,-2.500000000000000000e-01,-5.000000000000000000e-01,1.000000000000000000e+00,0.000000000000000000e+00,-1.000000000000000000e+00,5.000000000000000000e-01,0.000000000000000000e+00,0.000000000000000000e+00,0.000000000000000000e+00,0.000000000000000000e+00,0.000000000000000000e+00,5.000000000000000000e-01,-1.000000000000000000e+00,0.000000000000000000e+00,1.000000000000000000e+00,-5.000000000000000000e-01,-2.500000000000000000e-01,5.000000000000000000e-01,0.000000000000000000e+00,-5.000000000000000000e-01,2.500000000000000000e-01},
{-5.000000000000000000e-01,2.000000000000000000e+00,-3.000000000000000000e+00,2.000000000000000000e+00,-5.000000000000000000e-01,1.000000000000000000e+00,-4.000000000000000000e+00,6.000000000000000000e+00,-4.000000000000000000e+00,1.000000000000000000e+00,0.000000000000000000e+00,0.000000000000000000e+00,0.000000000000000000e+00,0.000000000000000000e+00,0.000000000000000000e+00,-1.000000000000000000e+00,4.000000000000000000e+00,-6.000000000000000000e+00,4.000000000000000000e+00,-1.000000000000000000e+00,5.000000000000000000e-01,-2.000000000000000000e+00,3.000000000000000000e+00,-2.000000000000000000e+00,5.000000000000000000e-01},
{0.000000000000000000e+00,0.000000000000000000e+00,1.000000000000000000e+00,0.000000000000000000e+00,0.000000000000000000e+00,0.000000000000000000e+00,0.000000000000000000e+00,-4.000000000000000000e+00,0.000000000000000000e+00,0.000000000000000000e+00,0.000000000000000000e+00,0.000000000000000000e+00,6.000000000000000000e+00,0.000000000000000000e+00,0.000000000000000000e+00,0.000000000000000000e+00,0.000000000000000000e+00,-4.000000000000000000e+00,0.000000000000000000e+00,0.000000000000000000e+00,0.000000000000000000e+00,0.000000000000000000e+00,1.000000000000000000e+00,0.000000000000000000e+00,0.000000000000000000e+00},
{8.333333333333332871e-02,-6.666666666666666297e-01,0.000000000000000000e+00,6.666666666666666297e-01,-8.333333333333332871e-02,-3.333333333333333148e-01,2.666666666666666519e+00,0.000000000000000000e+00,-2.666666666666666519e+00,3.333333333333333148e-01,5.000000000000000000e-01,-4.000000000000000000e+00,0.000000000000000000e+00,4.000000000000000000e+00,-5.000000000000000000e-01,-3.333333333333333148e-01,2.666666666666666519e+00,0.000000000000000000e+00,-2.666666666666666519e+00,3.333333333333333148e-01,8.333333333333332871e-02,-6.666666666666666297e-01,0.000000000000000000e+00,6.666666666666666297e-01,-8.333333333333332871e-02},
{-8.333333333333332871e-02,1.333333333333333259e+00,-2.500000000000000000e+00,1.333333333333333259e+00,-8.333333333333332871e-02,3.333333333333333148e-01,-5.333333333333333037e+00,1.000000000000000000e+01,-5.333333333333333037e+00,3.333333333333333148e-01,-5.000000000000000000e-01,8.000000000000000000e+00,-1.500000000000000000e+01,8.000000000000000000e+00,-5.000000000000000000e-01,3.333333333333333148e-01,-5.333333333333333037e+00,1.000000000000000000e+01,-5.333333333333333037e+00,3.333333333333333148e-01,-8.333333333333332871e-02,1.333333333333333259e+00,-2.500000000000000000e+00,1.333333333333333259e+00,-8.333333333333332871e-02},
{-5.000000000000000000e-01,1.000000000000000000e+00,0.000000000000000000e+00,-1.000000000000000000e+00,5.000000000000000000e-01,2.000000000000000000e+00,-4.000000000000000000e+00,0.000000000000000000e+00,4.000000000000000000e+00,-2.000000000000000000e+00,-3.000000000000000000e+00,6.000000000000000000e+00,0.000000000000000000e+00,-6.000000000000000000e+00,3.000000000000000000e+00,2.000000000000000000e+00,-4.000000000000000000e+00,0.000000000000000000e+00,4.000000000000000000e+00,-2.000000000000000000e+00,-5.000000000000000000e-01,1.000000000000000000e+00,0.000000000000000000e+00,-1.000000000000000000e+00,5.000000000000000000e-01},
{1.000000000000000000e+00,-4.000000000000000000e+00,6.000000000000000000e+00,-4.000000000000000000e+00,1.000000000000000000e+00,-4.000000000000000000e+00,1.600000000000000000e+01,-2.400000000000000000e+01,1.600000000000000000e+01,-4.000000000000000000e+00,6.000000000000000000e+00,-2.400000000000000000e+01,3.600000000000000000e+01,-2.400000000000000000e+01,6.000000000000000000e+00,-4.000000000000000000e+00,1.600000000000000000e+01,-2.400000000000000000e+01,1.600000000000000000e+01,-4.000000000000000000e+00,1.000000000000000000e+00,-4.000000000000000000e+00,6.000000000000000000e+00,-4.000000000000000000e+00,1.000000000000000000e+00}
};
